0.00000 13.20000 4.40000 24.52071
0.00000 9.10000 14.50000 23.48982
0.09000 6.70000 26.30000 26.44022
0.76000 13.10000 45.00000 18.61995
0.03000 12.70000 10.50000 24.25736
0.10000 5.80000 5.70000 27.75732
0.02000 13.40000 0.40000 24.23015
0.00000 10.50000 -8.20000 30.78091
0.01000 14.50000 4.30000 28.38759
0.00000 10.10000 -7.40000 26.97154
0.00000 7.80000 0.70000 28.40606
0.16000 7.30000 27.50000 26.65801
0.10000 8.10000 11.40000 26.83951
0.00000 3.10000 5.50000 34.90013
0.00000 6.50000 11.60000 32.66825
0.00000 9.90000 17.30000 24.26592
0.00000 6.40000 14.40000 31.69739
0.00000 10.50000 25.50000 22.51033
0.00000 7.90000 24.90000 26.05290
0.00000 1.30000 24.60000 56.41657
0.06000 4.10000 27.90000 32.61152
0.16000 6.50000 25.30000 24.60165
0.00000 2.60000 19.90000 41.78752
0.18000 5.80000 23.30000 28.05512
0.11000 7.20000 27.80000 24.85463
0.28000 5.00000 25.80000 28.60457
0.27000 7.30000 14.50000 29.01784
0.01000 6.30000 7.40000 32.30550
0.00000 6.00000 15.60000 29.31817
0.21000 11.30000 18.50000 23.76176
0.04000 6.90000 4.60000 27.32791
0.00000 5.70000 20.60000 26.32907
0.67000 10.30000 23.20000 23.31846
0.23000 9.20000 5.20000 22.86881
0.00000 8.50000 16.90000 26.24772
0.04000 10.40000 6.70000 25.76277
0.01000 8.70000 0.10000 30.73613
0.00000 8.80000 11.80000 23.89427
0.00000 8.50000 25.80000 29.35873
0.03000 6.20000 31.00000 26.62253
0.00000 6.70000 14.40000 26.94691
0.00000 4.60000 17.70000 31.41174
0.04000 10.40000 16.00000 27.72472
0.00000 8.30000 -4.00000 26.29644
0.00000 11.30000 8.80000 24.39653
0.07000 11.10000 -10.90000 30.34370
0.00000 3.90000 -10.40000 35.23888
0.04000 5.40000 0.40000 29.19531
0.00000 9.60000 3.70000 30.79134
0.02000 10.70000 -7.30000 30.17557
0.00000 6.80000 -11.90000 27.72925
0.00000 5.80000 9.00000 26.39069
0.38000 5.40000 25.50000 28.27692
0.00000 8.60000 0.90000 30.71784
0.00000 7.30000 -8.90000 26.62873
0.00000 10.00000 7.70000 23.64926
0.00000 6.80000 6.70000 29.77256
0.00000 6.70000 -0.30000 30.26042
0.00000 2.70000 -4.10000 39.20771
0.10000 6.30000 16.40000 24.57668
0.28000 8.00000 18.90000 26.56600
0.00000 5.40000 16.90000 33.41668
1.23000 6.90000 33.70000 23.61450
0.42000 8.20000 12.30000 21.63504
0.03000 4.90000 0.50000 30.45057
0.00000 10.80000 13.30000 24.53258
0.00000 9.70000 24.00000 26.76321
0.00000 6.60000 26.20000 29.09282
0.00000 3.40000 32.80000 32.55125
0.66000 3.60000 39.50000 30.55473
0.00000 4.60000 19.80000 33.54500
0.00000 6.30000 16.50000 31.11092
0.63000 7.70000 41.70000 21.05169
0.30000 9.30000 27.50000 20.62820
0.00000 8.40000 30.20000 28.21210
0.00000 12.90000 29.10000 28.57259
0.00000 6.50000 5.60000 26.94203
0.00000 3.50000 9.90000 31.97513
0.14000 4.80000 24.80000 32.52293
0.12000 9.00000 32.90000 25.01161
0.00000 7.50000 15.50000 30.59667
0.00000 5.90000 6.60000 32.27323
0.07000 3.40000 24.10000 31.51320
0.02000 7.90000 32.10000 24.88737
0.12000 5.70000 40.70000 24.24162
0.14000 7.80000 27.00000 26.79362
0.00000 9.70000 5.20000 29.28321
0.00000 7.20000 5.10000 28.87064
0.01000 13.10000 22.20000 21.74189
0.00000 10.10000 24.70000 29.68741
0.00000 4.20000 21.30000 32.20316
0.00000 8.80000 30.20000 25.23799
0.22000 8.50000 50.90000 21.34558
0.29000 10.30000 26.90000 24.44718
0.10000 12.00000 18.40000 25.40721
0.00000 8.70000 21.90000 28.76063
0.13000 3.60000 49.80000 28.77577
0.57000 5.30000 54.00000 23.29039
0.19000 7.60000 53.80000 21.80683
0.61000 12.10000 50.00000 22.37050
0.29000 10.10000 27.70000 22.39265
0.00000 4.20000 24.80000 30.38372
0.00000 8.90000 35.20000 22.55907
0.21000 7.40000 35.70000 27.50034
0.00000 5.40000 19.00000 30.04375
0.00000 7.50000 27.20000 27.72460
0.32000 6.10000 47.90000 27.81481
0.01000 4.20000 40.90000 32.74509
0.00000 9.60000 34.20000 27.08377
0.57000 13.20000 47.70000 17.50986
0.03000 14.30000 28.80000 24.76136
0.11000 9.00000 30.80000 28.68488
0.27000 10.40000 22.40000 24.56038
0.00000 9.60000 18.50000 28.89214
0.10000 4.50000 21.60000 34.13225
0.00000 6.00000 23.40000 31.86687
0.00000 8.60000 29.70000 24.51456
0.06000 7.60000 31.90000 23.19613
0.00000 4.00000 35.00000 31.66122
0.00000 5.10000 38.60000 26.00382
0.58000 4.90000 42.20000 25.33326
0.01000 5.30000 33.60000 32.67336
0.00000 5.40000 36.70000 27.34887
0.00000 9.00000 39.80000 25.04713
0.00000 4.70000 55.20000 28.92534
0.28000 4.70000 54.10000 29.57011
0.01000 2.50000 53.40000 39.74263
0.00000 4.70000 48.70000 29.40743
0.00000 6.40000 52.00000 26.31283
0.00000 6.70000 52.60000 29.95780
0.08000 7.90000 55.90000 26.75105
0.19000 12.40000 52.10000 24.05184
0.02000 7.40000 37.30000 30.08796
0.01000 3.40000 34.40000 33.90131
0.00000 5.80000 43.00000 30.44605
0.00000 7.60000 58.20000 25.47597
0.19000 5.80000 62.30000 28.25471
0.01000 6.90000 62.50000 25.28400
0.99000 8.00000 56.50000 21.39620
0.00000 6.70000 37.20000 31.09618
0.13000 4.00000 40.20000 30.76889
0.00000 8.90000 36.40000 25.58701
0.00000 4.30000 26.60000 29.56277
0.00000 5.10000 37.10000 28.33416
0.00000 7.90000 49.00000 23.23738
0.08000 6.90000 60.10000 24.65725
0.08000 8.50000 59.30000 23.20780
0.06000 4.40000 56.20000 28.28793
0.00000 5.00000 54.00000 31.25232
0.08000 6.80000 61.60000 25.81268
0.01000 7.70000 61.10000 25.66608
0.37000 5.60000 49.50000 27.31674
0.02000 4.30000 48.80000 27.63167
0.00000 5.10000 51.10000 29.83444
0.00000 5.70000 52.90000 26.83631
0.00000 4.40000 55.90000 28.80163
0.65000 4.70000 56.40000 25.36780
0.00000 6.10000 52.70000 30.12559
0.00000 9.80000 60.60000 22.25317
0.63000 9.80000 56.60000 21.46484
0.00000 8.40000 55.10000 28.37394
0.00000 8.20000 58.40000 23.21369
0.00000 8.30000 61.70000 23.70834
0.12000 6.30000 64.80000 25.54869
0.03000 4.60000 65.10000 31.68589
3.29000 8.20000 65.90000 15.89441
0.67000 8.40000 64.90000 18.69353
0.48000 4.50000 54.40000 26.49252
0.03000 7.00000 64.00000 26.27380
1.01000 6.60000 62.00000 19.80656
0.02000 3.90000 63.30000 27.15187
0.57000 8.60000 63.90000 22.23866
0.02000 5.10000 61.40000 28.26663
0.00000 9.60000 65.20000 23.44443
0.25000 3.50000 52.80000 27.37446
0.00000 4.00000 56.30000 29.92208
0.51000 3.10000 59.50000 28.14579
0.49000 7.40000 61.20000 19.98562
1.04000 12.40000 53.90000 20.01824
0.02000 4.80000 51.00000 28.48204
0.55000 7.10000 59.10000 18.90221
0.24000 7.50000 55.90000 23.07670
0.00000 3.00000 54.80000 36.57213
0.00000 4.30000 54.10000 27.88284
1.38000 4.90000 60.30000 24.69355
1.26000 2.30000 53.90000 30.80324
0.01000 4.10000 63.60000 28.99362
0.14000 8.70000 64.60000 21.40172
0.69000 5.00000 63.50000 25.67877
0.01000 8.30000 65.00000 21.78568
0.35000 3.50000 61.00000 32.70794
0.03000 2.50000 58.40000 34.45172
0.00000 2.60000 58.00000 35.03278
0.03000 4.80000 61.90000 29.98381
0.19000 8.10000 64.20000 20.92123
0.14000 7.10000 62.50000 24.85013
0.00000 4.10000 48.20000 32.71038
0.00000 6.20000 58.10000 30.21603
0.00000 7.60000 66.60000 27.09513
0.03000 7.60000 67.80000 26.88362
0.00000 7.30000 62.70000 25.15405
0.06000 5.60000 63.00000 25.13063
0.01000 5.60000 48.90000 28.34391
0.00000 2.80000 49.30000 33.80945
0.00000 3.70000 51.30000 34.55788
0.00000 3.50000 53.40000 33.80201
0.00000 5.90000 60.70000 29.61428
0.00000 2.90000 63.20000 36.77819
0.00000 3.20000 63.10000 33.04346
0.00000 4.20000 63.80000 28.68379
0.01000 6.80000 58.20000 27.75416
0.00000 7.60000 52.90000 29.63586
0.00000 8.20000 52.50000 27.66653
0.00000 8.10000 54.10000 28.08502
0.00000 8.50000 57.20000 26.78349
0.85000 6.10000 55.60000 22.58440
0.00000 5.70000 51.40000 29.87047
0.00000 3.80000 51.00000 31.75260
0.00000 4.60000 54.90000 32.29621
0.00000 2.60000 58.70000 33.40670
0.00000 2.50000 60.50000 40.53040
0.00000 3.70000 61.40000 28.63588
0.01000 7.70000 60.70000 25.87442
0.00000 6.60000 53.90000 26.17984
0.00000 4.60000 48.60000 27.08887
0.00000 5.90000 51.80000 29.38860
0.00000 4.20000 55.90000 31.29443
0.00000 3.20000 58.80000 35.54480
0.00000 5.60000 58.80000 28.27685
1.07000 4.10000 62.70000 26.39951
0.02000 5.70000 65.40000 27.69957
0.03000 7.90000 63.50000 28.30078
0.06000 4.80000 48.10000 31.74405
0.00000 3.30000 46.50000 33.75143
0.00000 4.20000 50.80000 32.82525
0.00000 6.60000 53.00000 26.73520
0.00000 6.80000 47.30000 29.42243
0.00000 5.20000 47.40000 27.65220
0.00000 3.20000 50.80000 37.35201
0.00000 1.80000 49.80000 42.64775
0.00000 3.50000 51.70000 29.58839
0.04000 4.80000 59.50000 30.47897
0.00000 5.00000 61.00000 31.00481
0.00000 3.10000 60.90000 36.88347
0.00000 3.70000 62.00000 30.26870
0.00000 4.40000 62.90000 31.87135
0.00000 3.90000 61.00000 31.26833
0.00000 5.20000 61.70000 27.96296
0.99000 5.00000 61.50000 24.93375
0.00000 5.30000 58.70000 31.51806
0.00000 4.80000 58.90000 25.96478
0.00000 6.90000 60.10000 27.81675
0.62000 4.10000 62.30000 24.07265
0.19000 3.00000 54.80000 32.18854
0.18000 5.40000 54.10000 25.05360
0.20000 6.70000 46.20000 27.87569
0.01000 7.30000 40.60000 30.44822
0.00000 4.20000 45.90000 32.05718
0.00000 2.40000 49.60000 39.85630
0.00000 2.50000 51.80000 40.70139
0.00000 5.70000 52.70000 29.33036
0.00000 8.00000 54.70000 26.21769
0.38000 6.40000 49.30000 23.44660
0.00000 5.90000 44.80000 29.08600
0.00000 4.40000 50.90000 29.26004
0.00000 3.80000 51.00000 31.10352
0.00000 4.30000 47.90000 29.67452
0.00000 5.90000 46.80000 27.77545
0.00000 7.50000 44.40000 26.61380
0.00000 8.20000 49.30000 28.85075
0.15000 5.40000 59.00000 24.60085
0.22000 4.10000 62.50000 27.33135
2.27000 7.50000 57.00000 17.98037
0.01000 6.40000 45.00000 27.34317
0.00000 8.00000 38.30000 24.80764
0.63000 7.90000 39.50000 22.68643
0.15000 7.00000 44.50000 28.42135
0.00000 3.40000 43.40000 30.27399
0.00000 1.50000 47.00000 48.69491
0.00000 2.40000 53.20000 35.16211
0.00000 2.60000 50.10000 37.44407
0.00000 8.20000 54.20000 25.90155
0.43000 4.30000 40.60000 29.62849
0.00000 5.40000 38.90000 27.12332
0.00000 8.20000 42.30000 26.84658
0.08000 8.80000 48.60000 24.51256
0.00000 7.20000 40.60000 29.64462
0.00000 7.40000 38.40000 28.13712
0.05000 7.50000 36.00000 25.48119
0.04000 6.60000 29.80000 26.60598
0.00000 6.20000 25.10000 26.94805
0.00000 6.40000 24.40000 31.85934
0.00000 8.60000 28.70000 25.17911
0.00000 6.60000 34.60000 25.36331
0.00000 8.00000 42.10000 25.33938
0.07000 3.90000 40.40000 33.13759
0.00000 6.80000 40.90000 28.84715
0.44000 7.40000 46.40000 24.64726
0.05000 3.80000 33.00000 28.61624
0.00000 6.60000 30.70000 27.13132
0.57000 9.80000 50.30000 23.76119
0.85000 13.30000 39.00000 17.62492
0.09000 6.10000 31.60000 28.41903
0.00000 4.10000 33.00000 30.38515
0.01000 9.90000 42.70000 22.47407
0.01000 4.20000 40.80000 30.31351
0.00000 2.50000 34.60000 40.72647
0.00000 4.80000 41.20000 33.44157
0.00000 6.00000 51.30000 30.29752
0.00000 9.10000 53.20000 22.12093
0.32000 7.60000 37.10000 23.09559
0.00000 4.10000 25.90000 30.29094
0.00000 4.00000 26.60000 31.11006
0.25000 7.10000 45.40000 28.28576
0.42000 7.30000 39.70000 24.07261
0.20000 10.40000 39.10000 25.36742
0.00000 16.80000 27.30000 26.79725
0.00000 10.60000 22.00000 23.62515
0.00000 8.40000 24.10000 29.93316
0.00000 4.90000 26.80000 27.59925
0.00000 7.50000 28.20000 29.18432
0.00000 14.10000 41.00000 25.77731
0.31000 11.40000 46.90000 23.57724
0.11000 9.20000 13.60000 23.42198
0.00000 6.80000 10.90000 28.45236
0.05000 10.00000 20.40000 25.97295
0.00000 5.50000 11.00000 30.54164
0.00000 4.60000 22.00000 33.90176
0.00000 6.10000 25.90000 30.10912
0.00000 7.80000 31.40000 29.24887
0.00000 8.90000 43.00000 25.99513
0.04000 6.10000 47.10000 30.70296
0.20000 5.10000 38.00000 24.69699
0.01000 5.10000 31.80000 30.09351
0.13000 6.50000 46.10000 24.62713
0.48000 6.10000 46.00000 24.04879
0.28000 9.90000 30.60000 24.93178
0.00000 7.90000 29.60000 24.91681
0.00000 1.80000 29.80000 46.05128
0.00000 1.90000 30.30000 42.72946
0.00000 3.40000 30.40000 36.89655
0.00000 5.10000 33.70000 27.12005
0.00000 7.20000 34.30000 24.43377
0.01000 7.50000 42.60000 29.92885
0.00000 7.40000 44.60000 24.12706
0.00000 6.80000 52.50000 24.23617
0.00000 5.70000 54.50000 25.36427
0.00000 6.70000 50.80000 23.95575
0.32000 10.70000 39.60000 22.20065
0.00000 4.50000 37.30000 31.95203
0.27000 7.10000 43.30000 27.12866
0.30000 7.10000 25.00000 27.53018
0.01000 13.50000 16.50000 26.92038
0.00000 7.30000 13.20000 28.10457
0.00000 10.10000 24.90000 27.62465
0.25000 9.10000 50.60000 26.51795
0.05000 6.90000 51.40000 26.31043
0.40000 7.60000 51.00000 21.63231
0.01000 5.20000 49.90000 30.83695
0.03000 6.80000 44.40000 24.97120
0.44000 10.90000 53.00000 19.07421
0.51000 9.00000 31.20000 22.25204
0.27000 12.20000 40.60000 23.21765
0.02000 4.10000 37.40000 32.29012
0.00000 7.30000 31.80000 24.62517
